-1.000000000000000000e+01,-1.000000000000000000e+01,-1.000000000000000000e+01,-1.000000000000000000e+01,-1.000000000000000000e+01,-1.000000000000000000e+01,-1.000000000000000000e+01,-1.000000000000000000e+01,-1.000000000000000000e+01,-1.000000000000000000e+01
-1.000000000000000000e+01,-1.000000000000000000e+01,-1.000000000000000000e+01,-1.000000000000000000e+01,-1.000000000000000000e+01,-1.000000000000000000e+01,-1.000000000000000000e+01,-1.000000000000000000e+01,-4.110421346473956739e+00,-1.000000000000000000e+01
-1.000000000000000000e+01,-1.000000000000000000e+01,-1.000000000000000000e+01,-1.000000000000000000e+01,-1.000000000000000000e+01,-1.000000000000000000e+01,-1.000000000000000000e+01,-1.000000000000000000e+01,-1.000000000000000000e+01,-4.316882035680983165e+00
-1.000000000000000000e+01,-4.815032878418250561e+00,-1.000000000000000000e+01,-1.000000000000000000e+01,-1.000000000000000000e+01,-1.000000000000000000e+01,-1.000000000000000000e+01,-4.514002882754269308e+00,-4.815032878418250561e+00,-4.036881628034607594e+00
-1.000000000000000000e+01,-1.000000000000000000e+01,-1.000000000000000000e+01,-1.000000000000000000e+01,-1.000000000000000000e+01,-4.926923518346317366e+00,-4.926923518346317366e+00,-4.926923518346317366e+00,-4.148772267962673510e+00,-3.885535971946774580e+00
-1.000000000000000000e+01,-1.000000000000000000e+01,-1.000000000000000000e+01,-1.000000000000000000e+01,-5.051893086594691162e+00,-5.051900794162719421e+00,-4.750866944731822805e+00,-4.750870798498738168e+00,-5.051896940395804059e+00,-3.773147193209891004e+00
-1.000000000000000000e+01,-1.000000000000000000e+01,-1.000000000000000000e+01,-1.000000000000000000e+01,-4.988576792014730366e+00,-4.687551255020337315e+00,-4.511459995964655967e+00,-4.511464454588470119e+00,-3.947188565526093651e+00,-3.345133032821945296e+00
-1.000000000000000000e+01,-4.912222056532415948e+00,-1.000000000000000000e+01,-1.000000000000000000e+01,-4.912232687846155521e+00,-4.611197376557835348e+00,-4.213257367885797855e+00,-4.009148016413489835e+00,-3.681773135154141396e+00,-3.025741962673673235e+00
-1.000000000000000000e+01,-1.000000000000000000e+01,-1.000000000000000000e+01,-4.833491349927824920e+00,-4.231431358599862413e+00,-4.833491349927824920e+00,-3.833484977628795587e+00,-3.657393718573114239e+00,-3.435551341255787428e+00,-2.757944388535294333e+00
-1.000000000000000000e+01,-4.752286667940937015e+00,-1.000000000000000000e+01,-4.451248989796137145e+00,-3.974120052459754415e+00,-3.907180945445861919e+00,-3.473517701890568965e+00,-3.289880987561162762e+00,-3.019877543020429655e+00,-2.446927616013494955e+00
-1.000000000000000000e+01,-1.000000000000000000e+01,-4.186155531920292994e+00,-4.061226225119114908e+00,-3.549342864140240916e+00,-3.384523185687126290e+00,-3.083502619830267300e+00,-2.799953926519499259e+00,-2.487194957391396510e+00,-2.071109459051210688e+00
-1.000000000000000000e+01,-1.000000000000000000e+01,-3.677287501082770138e+00,-3.325104982971407441e+00,-3.133219456732494468e+00,-2.899136250699126283e+00,-2.717054627954257562e+00,-2.416024632290276308e+00,-2.230129469740550707e+00,-1.714692841192791306e+00
-1.000000000000000000e+01,-3.709425442232505699e+00,-3.487576692616149110e+00,-2.996214998781876471e+00,-2.780006516518212845e+00,-2.505305459576580684e+00,-2.370305396960385114e+00,-2.118360835206006154e+00,-1.860210836023416414e+00,-1.414224990229248302e+00
-2.764804253122529865e+00,-2.582182126907890840e+00,-2.499754946433199621e+00,-2.255968585225660572e+00,-2.127223562360989639e+00,-1.961081933969630375e+00,-1.818307328283009339e+00,-1.647064152156118233e+00,-1.439307248627374580e+00,-1.126541959581421226e+00
-1.072657452351661655e+00,-1.017169354502754475e+00,-9.823536653226104809e-01,-9.689323730107822774e-01,-9.241350740459780555e-01,-8.948438998651762066e-01,-8.449538279983532796e-01,-7.850888103583438804e-01,-7.262232937748115402e-01,-6.068043884864690041e-01
-4.269667284569240162e-01,-4.234964368111998056e-01,-4.229545846112739982e-01,-4.060279992347978206e-01,-3.973014341092550028e-01,-3.898618806840248308e-01,-3.720172408867012948e-01,-3.534816427467165623e-01,-3.287061307574410951e-01,-2.890057523020598262e-01
-2.144119660057658416e-01,-2.147670926388733914e-01,-2.202523609167538199e-01,-2.097212071108769393e-01,-2.052604494965917792e-01,-2.014104359954990986e-01,-1.970159948780089709e-01,-1.908412017849697995e-01,-1.798683648451991357e-01,-1.538729041540295162e-01
-1.359823303211356582e-01,-1.393379655978866372e-01,-1.414304075097841673e-01,-1.330608835970590598e-01,-1.319009403043004403e-01,-1.311241135391580659e-01,-1.285512175152224990e-01,-1.223644286284279875e-01,-1.172727998387550069e-01,-1.088706038006077848e-01
-9.226013473558726530e-02,-9.809214961192579130e-02,-9.592929490540615112e-02,-9.459022646955130009e-02,-9.238685855080666642e-02,-9.325527412091316748e-02,-9.290769948699227621e-02,-8.829975724663881309e-02,-8.744118467988716559e-02,-8.249466004953499854e-02
-6.381799547233654724e-02,-6.205216953063024538e-02,-6.606118546016470638e-02,-6.592016618104980241e-02,-6.690907244947842669e-02,-6.784365372372597180e-02,-6.224801822928330980e-02,-6.212614360174244926e-02,-6.074876374465997680e-02,-5.570253244583531216e-02
-4.032543470948704578e-02,-4.254622735034100517e-02,-4.446398407384726664e-02,-4.308234616867847450e-02,-4.530285696494303072e-02,-3.926736659590192996e-02,-4.094183039505534805e-02,-3.820515035242501301e-02,-3.473319126876184271e-02,-3.375138661992223982e-02
-2.318633059136354646e-02,-2.640267561262230056e-02,-2.479384465685857339e-02,-2.301321698038811051e-02,-2.407591402796903021e-02,-2.390261823717411416e-02,-2.586573614768478829e-02,-2.524014464670853650e-02,-2.363560655836468780e-02,-1.876554240000422730e-02
-1.582517122379879099e-02,-1.593335268703178695e-02,-1.388249883087992048e-02,-1.420567469738908371e-02,-1.474483613461123090e-02,-1.399361273372620729e-02,-1.323686766851028297e-02,-1.237751644693185771e-02,-1.377482696175192853e-02,-1.151986229132370872e-02
-7.055596476608862536e-03,-7.834594660213911599e-03,-7.055596476608862536e-03,-8.093874955618553940e-03,-9.649955935410937935e-03,-7.575469066665352531e-03,-6.023953935489784889e-03,-6.797010888794781727e-03,-6.411313392033255766e-03,-5.119947089437410295e-03
-4.717220329695667735e-03,-3.297858595013447667e-03,-4.244721939348826932e-03,-4.717220329695667735e-03,-6.462131113367729565e-03,-2.825199942986327938e-03,-5.033530964146879991e-03,-3.928871393133783786e-03,-3.928871393133783786e-03,-3.611943829352732595e-03
-2.128424532332241510e-03,-2.323471339002508053e-03,-9.666028515083732514e-04,-2.906286656041939202e-03,-1.935361856601939363e-03,-2.323471339002508053e-03,-1.353847176677856409e-03,-2.517656221246520731e-03,-1.935361856601939363e-03,-1.740661576301269844e-03
-1.679130163144619808e-03,-1.680058118021665256e-03,-2.161270889585756045e-03,-1.198715864262704309e-03,-1.439651534576791812e-03,-1.199377956164172964e-03,-9.587078548919306239e-04,-7.192292263241395998e-04,-1.920597853831940496e-03,-7.188324100180236344e-04
-5.892734715508804498e-04,-5.892734715508804498e-04,-5.896735215526172601e-04,-1.474685566005677758e-03,0.000000000000000000e+00,-5.892734715508804498e-04,-8.848107955025790458e-04,-2.945367911491250808e-04,-2.947366804017828535e-04,0.000000000000000000e+00
-3.611596731240373603e-04,0.000000000000000000e+00,-3.614602638146668066e-04,-3.614602638146668066e-04,0.000000000000000000e+00,0.000000000000000000e+00,0.000000000000000000e+00,-7.232216190958876394e-04,-3.614602638146668066e-04,0.000000000000000000e+00
-4.535713017008462700e-04,0.000000000000000000e+00,0.000000000000000000e+00,0.000000000000000000e+00,-9.085661930972437897e-04,0.000000000000000000e+00,0.000000000000000000e+00,0.000000000000000000e+00,-4.540455007434762323e-04,-4.535713017008462700e-04
0.000000000000000000e+00,0.000000000000000000e+00,0.000000000000000000e+00,-5.592975427258422899e-04,0.000000000000000000e+00,0.000000000000000000e+00,0.000000000000000000e+00,0.000000000000000000e+00,0.000000000000000000e+00,0.000000000000000000e+00
0.000000000000000000e+00,0.000000000000000000e+00,0.000000000000000000e+00,0.000000000000000000e+00,0.000000000000000000e+00,0.000000000000000000e+00,0.000000000000000000e+00,0.000000000000000000e+00,0.000000000000000000e+00,0.000000000000000000e+00
0.000000000000000000e+00,0.000000000000000000e+00,0.000000000000000000e+00,0.000000000000000000e+00,0.000000000000000000e+00,0.000000000000000000e+00,0.000000000000000000e+00,-9.076168024443326396e-04,0.000000000000000000e+00,0.000000000000000000e+00
0.000000000000000000e+00,0.000000000000000000e+00,0.000000000000000000e+00,0.000000000000000000e+00,0.000000000000000000e+00,0.000000000000000000e+00,-1.092565310572759987e-03,0.000000000000000000e+00,0.000000000000000000e+00,0.000000000000000000e+00
0.000000000000000000e+00,0.000000000000000000e+00,0.000000000000000000e+00,0.000000000000000000e+00,0.000000000000000000e+00,0.000000000000000000e+00,0.000000000000000000e+00,0.000000000000000000e+00,0.000000000000000000e+00,0.000000000000000000e+00
0.000000000000000000e+00,0.000000000000000000e+00,0.000000000000000000e+00,0.000000000000000000e+00,0.000000000000000000e+00,0.000000000000000000e+00,0.000000000000000000e+00,0.000000000000000000e+00,0.000000000000000000e+00,0.000000000000000000e+00
0.000000000000000000e+00,0.000000000000000000e+00,0.000000000000000000e+00,0.000000000000000000e+00,0.000000000000000000e+00,0.000000000000000000e+00,0.000000000000000000e+00,0.000000000000000000e+00,0.000000000000000000e+00,0.000000000000000000e+00
0.000000000000000000e+00,0.000000000000000000e+00,0.000000000000000000e+00,0.000000000000000000e+00,0.000000000000000000e+00,0.000000000000000000e+00,0.000000000000000000e+00,0.000000000000000000e+00,0.000000000000000000e+00,0.000000000000000000e+00
0.000000000000000000e+00,0.000000000000000000e+00,0.000000000000000000e+00,0.000000000000000000e+00,0.000000000000000000e+00,0.000000000000000000e+00,0.000000000000000000e+00,0.000000000000000000e+00,0.000000000000000000e+00,0.000000000000000000e+00
0.000000000000000000e+00,0.000000000000000000e+00,0.000000000000000000e+00,0.000000000000000000e+00,0.000000000000000000e+00,0.000000000000000000e+00,0.000000000000000000e+00,0.000000000000000000e+00,0.000000000000000000e+00,0.000000000000000000e+00
0.000000000000000000e+00,0.000000000000000000e+00,0.000000000000000000e+00,0.000000000000000000e+00,0.000000000000000000e+00,0.000000000000000000e+00,0.000000000000000000e+00,0.000000000000000000e+00,0.000000000000000000e+00,0.000000000000000000e+00
0.000000000000000000e+00,0.000000000000000000e+00,0.000000000000000000e+00,0.000000000000000000e+00,0.000000000000000000e+00,0.000000000000000000e+00,0.000000000000000000e+00,0.000000000000000000e+00,0.000000000000000000e+00,0.000000000000000000e+00
0.000000000000000000e+00,0.000000000000000000e+00,0.000000000000000000e+00,0.000000000000000000e+00,0.000000000000000000e+00,0.000000000000000000e+00,0.000000000000000000e+00,0.000000000000000000e+00,0.000000000000000000e+00,0.000000000000000000e+00
0.000000000000000000e+00,0.000000000000000000e+00,0.000000000000000000e+00,0.000000000000000000e+00,0.000000000000000000e+00,0.000000000000000000e+00,0.000000000000000000e+00,0.000000000000000000e+00,0.000000000000000000e+00,0.000000000000000000e+00
0.000000000000000000e+00,0.000000000000000000e+00,0.000000000000000000e+00,0.000000000000000000e+00,0.000000000000000000e+00,0.000000000000000000e+00,0.000000000000000000e+00,0.000000000000000000e+00,0.000000000000000000e+00,0.000000000000000000e+00
0.000000000000000000e+00,0.000000000000000000e+00,0.000000000000000000e+00,0.000000000000000000e+00,0.000000000000000000e+00,0.000000000000000000e+00,0.000000000000000000e+00,0.000000000000000000e+00,0.000000000000000000e+00,0.000000000000000000e+00
0.000000000000000000e+00,0.000000000000000000e+00,0.000000000000000000e+00,0.000000000000000000e+00,0.000000000000000000e+00,0.000000000000000000e+00,0.000000000000000000e+00,0.000000000000000000e+00,0.000000000000000000e+00,0.000000000000000000e+00
0.000000000000000000e+00,0.000000000000000000e+00,0.000000000000000000e+00,0.000000000000000000e+00,0.000000000000000000e+00,0.000000000000000000e+00,0.000000000000000000e+00,0.000000000000000000e+00,0.000000000000000000e+00,0.000000000000000000e+00
